"store_id","year","month","rental_orders","running_total"
1,2005,5,558,558
1,2005,6,1163,1721
1,2005,7,3342,5063
1,2005,8,2892,7955
1,2006,2,85,8040
2,2005,5,598,598
2,2005,6,1148,1746
2,2005,7,3367,5113
2,2005,8,2794,7907
2,2006,2,97,8004
